0 0.722700 0.548442 0.064522 0.070155
0 0.595126 0.528715 0.048922 0.060610
0 0.839030 0.618602 0.091758 0.080884
0 0.509766 0.560417 0.047656 0.065278
0 0.532348 0.674668 0.070003 0.105190
0 0.491508 0.462477 0.038531 0.040226
0 0.626020 0.499548 0.052102 0.053192
0 0.447816 0.457743 0.046500 0.048254
0 0.440616 0.581763 0.052114 0.067078
0 0.353423 0.465379 0.048799 0.066298
0 0.290234 0.595833 0.080469 0.175000
0 0.342873 0.543016 0.040089 0.067772
0 0.834419 0.547268 0.080269 0.074639
0 0.248108 0.515696 0.043530 0.071862
0 0.971669 0.715930 0.056192 0.087146
0 0.431359 0.423126 0.034252 0.030003
0 0.326283 0.416048 0.028600 0.028768
0 0.235838 0.435920 0.021918 0.030506
0 0.520987 0.434659 0.039722 0.034942
0 0.213033 0.397366 0.020839 0.020602
0 0.288984 0.406497 0.017671 0.016691
0 0.478906 0.554861 0.023438 0.068056
0 0.260156 0.456944 0.023438 0.030556
