0 0.597602 0.826566 0.094046 0.139774
0 0.498113 0.628717 0.066484 0.102195
0 0.766157 0.642273 0.077371 0.085114
0 0.920125 0.651619 0.100229 0.102757
0 0.721094 0.502778 0.023438 0.055556
0 0.628616 0.510551 0.052250 0.047594
0 0.650878 0.573162 0.051318 0.038800
0 0.467348 0.438741 0.040352 0.050375
0 0.308670 0.521280 0.039963 0.057483
0 0.544999 0.502130 0.044726 0.050055
0 0.657919 0.699172 0.088584 0.113532
0 0.401005 0.677423 0.060994 0.114911
0 0.443541 0.502948 0.049435 0.066782
0 0.426201 0.434782 0.024466 0.028348
0 0.369398 0.587653 0.046723 0.076756
0 0.352503 0.413268 0.024748 0.037477
0 0.884766 0.929861 0.171094 0.131944
0 0.693452 0.502634 0.035780 0.050657
0 0.663224 0.966196 0.110679 0.066488
0 0.375714 0.518792 0.045129 0.051535
0 0.258409 0.480423 0.036861 0.043875
0 0.533518 0.581321 0.053416 0.058565
0 0.406636 0.417083 0.032974 0.032508
0 0.336812 0.485899 0.047478 0.042662
0 0.251956 0.442586 0.029210 0.032053
0 0.552177 0.460878 0.030201 0.031925
0 0.379348 0.480108 0.039305 0.041746
0 0.242188 0.920833 0.081250 0.155556
