0 0.709702 0.551837 0.060689 0.062009
0 0.821997 0.559022 0.068779 0.055775
0 0.424317 0.566545 0.052338 0.080403
0 0.301056 0.650071 0.051653 0.093047
0 0.332495 0.536978 0.043034 0.062368
0 0.778429 0.655237 0.084579 0.071572
0 0.567578 0.522917 0.055469 0.040278
0 0.800589 0.506883 0.063263 0.047667
0 0.682033 0.497558 0.052504 0.052873
0 0.565293 0.478837 0.051895 0.052150
0 0.258870 0.546059 0.041849 0.098839
0 0.955595 0.604546 0.060474 0.070997
0 0.650781 0.445833 0.123438 0.086111
0 0.631831 0.873608 0.128773 0.179250
0 0.390331 0.424877 0.026585 0.028584
0 0.472541 0.970944 0.106828 0.057340
0 0.275742 0.491976 0.038587 0.046252
0 0.373851 0.511776 0.044456 0.048576
0 0.522537 0.429817 0.072255 0.079585
0 0.361530 0.418132 0.028074 0.035594
0 0.473041 0.424370 0.033297 0.067703
0 0.345413 0.431063 0.024082 0.024069
0 0.183218 0.404360 0.025720 0.034623
0 0.193987 0.440441 0.025533 0.049708
0 0.256641 0.947222 0.103906 0.102778
0 0.321094 0.474306 0.040625 0.037500
