0 0.409403 0.675191 0.059092 0.113837
0 0.284803 0.690960 0.060634 0.132795
0 0.340656 0.542939 0.051363 0.061994
0 0.850839 0.694011 0.089524 0.083179
0 0.521507 0.653724 0.071308 0.110246
0 0.267226 0.587078 0.047428 0.076532
0 0.700339 0.598918 0.066691 0.071302
0 0.715334 0.513649 0.055372 0.059791
0 0.456186 0.604014 0.051342 0.077183
0 0.774732 0.870416 0.118639 0.148305
0 0.576257 0.483079 0.050875 0.052887
0 0.877771 0.645668 0.082686 0.071266
0 0.246949 0.907259 0.098729 0.153554
0 0.362891 0.432639 0.033594 0.034722
0 0.313867 0.415050 0.029778 0.041597
0 0.237337 0.521527 0.037000 0.055314
0 0.978317 0.609965 0.042887 0.169570
0 0.487801 0.435175 0.034493 0.041207
0 0.681502 0.960016 0.122494 0.077519
0 0.239958 0.404003 0.036713 0.028330
0 0.422324 0.544673 0.055473 0.072749
0 0.230405 0.452284 0.038951 0.036659
0 0.266364 0.483080 0.035559 0.040543
0 0.211215 0.403535 0.019496 0.018565
0 0.371544 0.409074 0.032002 0.022967
0 0.457010 0.451276 0.034033 0.042570
0 0.236185 0.489937 0.033599 0.036360
0 0.597530 0.463777 0.032567 0.036174
0 0.495969 0.556025 0.050015 0.053946
