0 0.830717 0.612060 0.071615 0.062134
0 0.985583 0.636268 0.028379 0.087584
0 0.639145 0.561511 0.038597 0.050622
0 0.307414 0.529334 0.047014 0.072653
0 0.239656 0.521168 0.040262 0.063158
0 0.382115 0.624200 0.050769 0.077228
0 0.340459 0.421075 0.031584 0.039029
0 0.668085 0.521964 0.043824 0.044940
0 0.423810 0.421688 0.037072 0.034142
0 0.507132 0.464465 0.040361 0.037973
0 0.874927 0.697773 0.079147 0.081975
0 0.273966 0.839490 0.085650 0.135766
0 0.853081 0.942514 0.107052 0.108260
0 0.433934 0.896323 0.098475 0.195084
0 0.561750 0.488632 0.044582 0.044494
0 0.567884 0.446010 0.041970 0.026808
0 0.344938 0.495963 0.040878 0.039050
0 0.252235 0.403897 0.028854 0.026018
0 0.577656 0.643440 0.029640 0.078846
0 0.232794 0.399378 0.016603 0.019965
0 0.294531 0.464583 0.039062 0.034722
