0 0.476267 0.632669 0.059901 0.081891
0 0.700044 0.537701 0.057025 0.058634
0 0.736105 0.518401 0.052775 0.050630
0 0.285626 0.625569 0.053943 0.103528
0 0.616545 0.497650 0.051568 0.059653
0 0.842542 0.615944 0.072768 0.069460
0 0.778333 0.642957 0.087620 0.117119
0 0.262275 0.898540 0.121715 0.191676
0 0.552842 0.472120 0.052295 0.055626
0 0.292566 0.503793 0.040142 0.049765
0 0.623305 0.679706 0.078013 0.101857
0 0.438079 0.582190 0.048577 0.062823
0 0.205137 0.473781 0.026139 0.029676
0 0.330078 0.529167 0.046094 0.080556
0 0.990822 0.642320 0.018022 0.057979
0 0.544246 0.583709 0.058557 0.077994
0 0.380139 0.508778 0.046281 0.069602
0 0.662229 0.473688 0.048282 0.031605
0 0.464883 0.451989 0.035172 0.036250
0 0.469378 0.518829 0.039363 0.054078
0 0.232049 0.465064 0.031743 0.043581
0 0.312937 0.452873 0.016812 0.028933
0 0.562390 0.450711 0.034476 0.037541
0 0.370490 0.441010 0.024225 0.024533
0 0.524549 0.432887 0.030456 0.028767
0 0.275394 0.458297 0.032721 0.047097
0 0.408835 0.447274 0.025684 0.028043
