0 0.811195 0.676157 0.085024 0.082913
0 0.682722 0.721693 0.086204 0.128086
0 0.522503 0.693179 0.066523 0.116258
0 0.683984 0.581250 0.047656 0.068056
0 0.929126 0.608486 0.083601 0.075302
0 0.397578 0.657518 0.069682 0.137233
0 0.596526 0.529817 0.038639 0.048935
0 0.610254 0.474089 0.050340 0.051626
0 0.447280 0.573405 0.053784 0.065833
0 0.979399 0.580126 0.041131 0.071697
0 0.936514 0.692204 0.085643 0.076552
0 0.282737 0.782113 0.078509 0.169551
0 0.840418 0.959726 0.047194 0.068269
0 0.663152 0.476289 0.043755 0.030862
0 0.285979 0.629510 0.047208 0.081573
0 0.546006 0.581244 0.069587 0.094975
0 0.237930 0.524443 0.038081 0.053641
0 0.331015 0.548339 0.044769 0.064236
0 0.275150 0.591337 0.041732 0.061013
0 0.501153 0.485244 0.044350 0.042291
0 0.263796 0.412063 0.023552 0.026670
0 0.448772 0.465713 0.028514 0.028217
0 0.342889 0.488145 0.042473 0.060776
0 0.390522 0.438960 0.036591 0.042655
0 0.314621 0.415393 0.028593 0.019654
0 0.689877 0.960456 0.115210 0.077454
0 0.536610 0.439300 0.039495 0.027929
0 0.464002 0.422511 0.028162 0.032601
0 0.269389 0.450033 0.027851 0.033768
0 0.211582 0.471749 0.049432 0.062725
0 0.377116 0.417094 0.025179 0.025071
0 0.488281 0.418750 0.020313 0.031944
