0 0.825617 0.553175 0.072457 0.071037
0 0.765851 0.602366 0.068690 0.075497
0 0.559058 0.775171 0.082111 0.124766
0 0.835090 0.689382 0.090303 0.084548
0 0.485961 0.466684 0.033977 0.043108
0 0.555629 0.460848 0.035247 0.038971
0 0.282716 0.652711 0.056105 0.099877
0 0.324609 0.527083 0.047656 0.070833
0 0.502846 0.649899 0.069930 0.107854
0 0.245195 0.468886 0.037838 0.045955
0 0.352063 0.438154 0.024986 0.019631
0 0.396699 0.429839 0.020931 0.020995
0 0.263312 0.547039 0.043479 0.061282
0 0.615092 0.502186 0.051295 0.055657
0 0.970622 0.719678 0.058281 0.092043
0 0.383865 0.482794 0.042644 0.047153
0 0.430327 0.947933 0.119568 0.101163
0 0.623235 0.452013 0.048009 0.049422
0 0.630635 0.475211 0.053873 0.037685
0 0.460898 0.471002 0.037141 0.037466
0 0.314614 0.480239 0.039864 0.031065
0 0.203939 0.395493 0.033592 0.024808
0 0.240625 0.936806 0.078125 0.123611
