0 0.866850 0.720815 0.096036 0.097522
0 0.620635 0.550564 0.052275 0.055546
0 0.267319 0.539249 0.040162 0.069184
0 0.502387 0.554025 0.049202 0.056478
0 0.240485 0.466329 0.041900 0.049714
0 0.659369 0.514187 0.059819 0.047861
0 0.396122 0.691527 0.059345 0.093451
0 0.745026 0.559567 0.055696 0.054772
0 0.779270 0.545604 0.044672 0.039959
0 0.208594 0.479167 0.032813 0.047222
0 0.289471 0.501902 0.037482 0.041799
0 0.560854 0.510094 0.048671 0.048573
0 0.733038 0.620917 0.070248 0.069876
0 0.510025 0.440955 0.112628 0.124370
0 0.351572 0.425364 0.041355 0.039436
0 0.369098 0.512571 0.047050 0.054047
0 0.433253 0.507880 0.033101 0.036678
0 0.435865 0.439924 0.026904 0.032337
0 0.453125 0.959028 0.117188 0.079167
