0 0.528711 0.726477 0.068357 0.103099
0 0.718420 0.604092 0.064607 0.080352
0 0.850080 0.562395 0.061764 0.079164
0 0.785408 0.561993 0.099036 0.095275
0 0.276934 0.604681 0.046835 0.076678
0 0.456923 0.587200 0.055905 0.070346
0 0.591026 0.523119 0.037328 0.045506
0 0.386321 0.626483 0.060343 0.094065
0 0.482927 0.471907 0.041497 0.029542
0 0.575606 0.480162 0.052035 0.051057
0 0.613720 0.476444 0.036591 0.034638
0 0.306183 0.413299 0.020096 0.019605
0 0.258770 0.550777 0.042536 0.056708
0 0.453936 0.521183 0.046475 0.053096
0 0.376094 0.439620 0.030839 0.030736
0 0.215848 0.395530 0.018322 0.026362
0 0.264908 0.477907 0.038788 0.044019
0 0.481066 0.435397 0.036785 0.029998
0 0.426608 0.935528 0.124707 0.124997
0 0.407046 0.434121 0.032212 0.029895
0 0.818765 0.926741 0.156627 0.142877
0 0.249700 0.399213 0.025779 0.020321
0 0.182282 0.394946 0.036194 0.035841
0 0.345517 0.491167 0.043082 0.052458
0 0.782422 0.422222 0.041406 0.033333
