0 0.293238 0.778487 0.072429 0.150001
0 0.737738 0.492532 0.051560 0.051851
0 0.748549 0.577974 0.070610 0.064351
0 0.544286 0.733533 0.073798 0.110305
0 0.301061 0.596231 0.042793 0.074350
0 0.897284 0.460249 0.070924 0.064395
0 0.508845 0.566374 0.054640 0.063157
0 0.328017 0.541380 0.038568 0.062971
0 0.292254 0.506644 0.039015 0.062094
0 0.251699 0.551087 0.041079 0.049460
0 0.913281 0.589583 0.082812 0.059722
0 0.322053 0.417251 0.041477 0.034155
0 0.333814 0.486025 0.042556 0.046043
0 0.734700 0.799920 0.117991 0.170536
0 0.918145 0.550157 0.070498 0.060099
0 0.433238 0.508350 0.049550 0.063509
0 0.386988 0.631607 0.080480 0.194019
0 0.431014 0.570176 0.036240 0.066507
0 0.261065 0.471002 0.034839 0.068208
0 0.372913 0.476246 0.038583 0.040198
0 0.213057 0.403965 0.018871 0.016818
0 0.403406 0.414958 0.028304 0.027638
0 0.293750 0.439583 0.037500 0.031944
